Sigmoid	10	20	20	20	1	
Layer:0
-1.266910E+0	2.407103E+0	-1.395336E+0	-5.100235E+0	-3.493840E+0	-4.907846E+0	-5.435843E+0	-3.126017E+0	-5.139717E+0	-2.995308E+0	1.642728E+1
1.827131E-1	-1.043063E+0	-1.125513E+0	-3.368930E+0	-2.846349E+0	-1.513053E+0	-4.402679E+0	-2.636397E+0	-4.480584E+0	-1.995397E+0	1.171358E+1
1.180824E+0	-2.199767E+0	-1.172444E+0	-2.577529E+0	-1.967020E+0	-2.668816E-1	-3.244293E+0	-2.056410E+0	-3.679164E+0	-1.696120E+0	8.415171E+0
4.221818E-1	-9.111984E-1	-1.132290E+0	-2.149926E+0	-1.869975E+0	-4.226083E-1	-2.650040E+0	-1.818233E+0	-2.771394E+0	-1.331873E+0	6.490471E+0
1.389078E+0	-2.296787E+0	-1.161927E+0	-2.506532E+0	-1.644302E+0	-3.955933E-1	-3.050778E+0	-2.038257E+0	-3.581828E+0	-1.591617E+0	8.186475E+0
-6.109685E-1	6.928245E-1	-1.227892E+0	-4.408581E+0	-3.244244E+0	-3.202530E+0	-5.053680E+0	-3.066488E+0	-4.753521E+0	-2.551261E+0	1.453061E+1
9.880846E-1	-2.009275E+0	-1.076355E+0	-2.714628E+0	-2.115675E+0	-4.204259E-1	-3.390114E+0	-2.185487E+0	-3.777156E+0	-1.695619E+0	8.764750E+0
-1.780206E-1	-7.678181E-2	-1.339697E+0	-3.449121E+0	-2.978776E+0	-2.089716E+0	-4.288818E+0	-2.836443E+0	-4.355972E+0	-1.922936E+0	1.201153E+1
1.279376E+0	-2.039594E+0	-1.201828E+0	-2.618792E+0	-1.906615E+0	-4.565924E-1	-3.205667E+0	-2.092818E+0	-3.651730E+0	-1.672632E+0	8.448489E+0
1.384370E+0	-1.871807E+0	-1.182390E+0	-2.412090E+0	-1.637418E+0	-5.322049E-1	-2.979394E+0	-1.914338E+0	-3.344653E+0	-1.483895E+0	7.664346E+0
1.847425E-1	-1.216537E+0	-1.207127E+0	-3.505327E+0	-3.012928E+0	-1.531154E+0	-4.701600E+0	-2.783251E+0	-4.812521E+0	-2.059934E+0	1.252641E+1
-6.690173E-1	9.989979E-1	-1.281197E+0	-4.724848E+0	-3.185496E+0	-3.267144E+0	-5.142547E+0	-2.984647E+0	-4.841101E+0	-2.595943E+0	1.467355E+1
-3.615308E-1	-7.603396E-2	-1.226833E+0	-3.803707E+0	-3.018275E+0	-2.292218E+0	-4.659194E+0	-2.808977E+0	-4.511845E+0	-2.305691E+0	1.297429E+1
8.986320E-2	-7.858291E-1	-1.100830E+0	-3.341739E+0	-2.897834E+0	-1.709633E+0	-4.423542E+0	-2.622976E+0	-4.400457E+0	-2.000669E+0	1.174594E+1
3.574620E-1	-1.633972E+0	-1.153393E+0	-3.281458E+0	-2.870221E+0	-1.137918E+0	-4.428116E+0	-2.700562E+0	-4.645656E+0	-2.036302E+0	1.181566E+1
7.638550E-1	-1.883481E+0	-1.243161E+0	-3.076011E+0	-2.511872E+0	-5.954369E-1	-3.966571E+0	-2.411284E+0	-4.269034E+0	-1.896869E+0	1.028203E+1
8.612875E-1	-1.591864E+0	-1.224176E+0	-2.450170E+0	-1.998297E+0	-2.172021E-1	-3.005164E+0	-2.003771E+0	-3.332303E+0	-1.497456E+0	7.542878E+0
-9.477611E-1	1.649845E+0	-1.249849E+0	-4.871135E+0	-3.409342E+0	-4.405290E+0	-5.465235E+0	-3.092810E+0	-5.057606E+0	-2.906240E+0	1.598380E+1
3.994386E-1	-1.479144E+0	-1.174770E+0	-3.297135E+0	-2.933891E+0	-1.313891E+0	-4.517601E+0	-2.771970E+0	-4.654903E+0	-1.989747E+0	1.195289E+1
-2.401563E-1	-3.663025E-1	-1.274787E+0	-3.774199E+0	-2.998767E+0	-1.997449E+0	-4.664097E+0	-2.750217E+0	-4.522310E+0	-2.364564E+0	1.283357E+1
Layer:1
3.726840E+0	2.019149E+0	1.012053E+0	1.272011E+0	9.000433E-1	2.902104E+0	1.204262E+0	2.415807E+0	1.005589E+0	9.080353E-1	2.112605E+0	3.058624E+0	2.527713E+0	2.168745E+0	1.972558E+0	1.567915E+0	1.168502E+0	3.411992E+0	1.995102E+0	2.563917E+0	-1.151797E+1
5.528508E+0	2.681129E+0	8.343669E-1	1.584970E+0	6.006657E-1	4.146820E+0	1.121582E+0	3.310724E+0	7.277738E-1	5.519526E-1	2.729218E+0	4.319979E+0	3.560945E+0	2.822159E+0	2.376792E+0	1.627176E+0	1.184798E+0	4.982282E+0	2.317763E+0	3.391478E+0	-1.348106E+1
2.100267E+0	1.803991E+0	1.281938E+0	1.101401E+0	1.236678E+0	2.028378E+0	1.369530E+0	1.801545E+0	1.289085E+0	1.189213E+0	1.920173E+0	1.981540E+0	1.879500E+0	1.742040E+0	1.816716E+0	1.590412E+0	1.244560E+0	2.046376E+0	1.837955E+0	1.833291E+0	-8.350906E+0
1.255881E+0	1.315175E+0	1.205499E+0	9.787197E-1	1.287649E+0	1.332133E+0	1.318096E+0	1.144477E+0	1.233929E+0	1.264312E+0	1.410996E+0	1.289185E+0	1.289394E+0	1.334314E+0	1.419890E+0	1.402764E+0	1.173759E+0	1.295778E+0	1.354357E+0	1.235994E+0	4.247242E-1
2.480977E+0	1.783586E+0	1.140570E+0	1.093436E+0	1.086021E+0	2.132395E+0	1.255695E+0	1.889687E+0	1.090868E+0	9.972993E-1	1.856495E+0	2.145460E+0	1.989538E+0	1.777192E+0	1.699200E+0	1.460599E+0	1.129803E+0	2.335842E+0	1.721674E+0	1.943278E+0	-9.505423E+0
1.607000E+0	1.692545E+0	1.422618E+0	1.073754E+0	1.452537E+0	1.630211E+0	1.549058E+0	1.475615E+0	1.450937E+0	1.323003E+0	1.785554E+0	1.623749E+0	1.586065E+0	1.665107E+0	1.786904E+0	1.671672E+0	1.338943E+0	1.710290E+0	1.783235E+0	1.585729E+0	-7.391929E+0
1.719239E+0	1.748670E+0	1.419355E+0	1.115225E+0	1.382453E+0	1.722700E+0	1.463915E+0	1.533388E+0	1.369881E+0	1.315872E+0	1.859842E+0	1.687980E+0	1.620032E+0	1.683499E+0	1.833390E+0	1.630687E+0	1.373003E+0	1.828706E+0	1.758551E+0	1.688870E+0	-7.648990E+0
1.903836E+0	1.761055E+0	1.428501E+0	1.159544E+0	1.256458E+0	1.827623E+0	1.398717E+0	1.652849E+0	1.295584E+0	1.189740E+0	1.872801E+0	1.873691E+0	1.734971E+0	1.726063E+0	1.789628E+0	1.650197E+0	1.249738E+0	1.938528E+0	1.873072E+0	1.788260E+0	-8.004862E+0
9.379845E-1	9.747411E-1	8.138264E-1	7.425491E-1	8.295515E-1	9.965301E-1	8.613186E-1	9.631135E-1	8.807240E-1	8.336341E-1	1.028602E+0	1.064203E+0	9.350169E-1	9.827357E-1	9.398525E-1	1.000177E+0	7.928883E-1	9.762652E-1	1.005199E+0	9.077079E-1	2.503702E+0
8.240024E-1	1.556314E+0	1.556448E+0	1.016302E+0	1.515297E+0	1.130670E+0	1.642575E+0	1.210999E+0	1.555903E+0	1.459388E+0	1.635299E+0	1.009885E+0	1.195474E+0	1.475950E+0	1.669714E+0	1.659803E+0	1.301036E+0	1.016747E+0	1.642902E+0	1.233114E+0	-6.130614E+0
3.019135E+0	1.971426E+0	1.185536E+0	1.157918E+0	9.821561E-1	2.446267E+0	1.237916E+0	2.027070E+0	1.118967E+0	9.770735E-1	1.997711E+0	2.516772E+0	2.202819E+0	1.999162E+0	1.867771E+0	1.527799E+0	1.208956E+0	2.776441E+0	1.881067E+0	2.135880E+0	-1.055502E+1
1.039855E+0	1.615649E+0	1.531296E+0	1.090191E+0	1.511013E+0	1.278117E+0	1.583605E+0	1.331209E+0	1.508815E+0	1.418164E+0	1.704445E+0	1.256277E+0	1.329228E+0	1.493842E+0	1.759953E+0	1.754083E+0	1.337349E+0	1.321900E+0	1.774862E+0	1.416944E+0	-6.717906E+0
1.502830E+0	1.658687E+0	1.472287E+0	1.114581E+0	1.427185E+0	1.644102E+0	1.525595E+0	1.526792E+0	1.491568E+0	1.384249E+0	1.802974E+0	1.577638E+0	1.519873E+0	1.654792E+0	1.770984E+0	1.721405E+0	1.405301E+0	1.638844E+0	1.837150E+0	1.576921E+0	-7.377607E+0
5.501877E+0	2.710177E+0	8.697395E-1	1.692101E+0	6.046240E-1	4.300273E+0	1.173945E+0	3.349401E+0	7.392748E-1	4.964818E-1	2.851819E+0	4.469979E+0	3.676728E+0	2.848255E+0	2.421340E+0	1.655154E+0	1.209521E+0	5.054516E+0	2.423622E+0	3.493340E+0	-1.375379E+1
1.805966E+0	1.707365E+0	1.412742E+0	1.142892E+0	1.365281E+0	1.793176E+0	1.528889E+0	1.643426E+0	1.443135E+0	1.257173E+0	1.824100E+0	1.774783E+0	1.720909E+0	1.728752E+0	1.795879E+0	1.659504E+0	1.330069E+0	1.897310E+0	1.889708E+0	1.789739E+0	-7.840106E+0
2.113014E-1	1.356482E+0	1.815291E+0	1.104068E+0	1.872315E+0	7.081697E-1	1.794425E+0	1.009167E+0	1.788339E+0	1.786087E+0	1.459982E+0	6.360632E-1	8.898392E-1	1.256365E+0	1.573567E+0	1.851910E+0	1.473791E+0	5.246970E-1	1.644355E+0	1.023485E+0	-5.478151E+0
3.242844E+0	2.000075E+0	1.068481E+0	1.220536E+0	1.004907E+0	2.545925E+0	1.200442E+0	2.072143E+0	1.051499E+0	9.446413E-1	2.011759E+0	2.647650E+0	2.245185E+0	2.002839E+0	1.898266E+0	1.532645E+0	1.161332E+0	2.994744E+0	1.909766E+0	2.238017E+0	-1.074006E+1
1.477543E-1	1.212357E+0	1.534561E+0	9.546421E-1	1.570620E+0	6.576839E-1	1.523945E+0	9.180155E-1	1.589332E+0	1.532181E+0	1.260395E+0	5.445529E-1	7.587313E-1	1.189158E+0	1.330397E+0	1.555559E+0	1.306845E+0	4.127298E-1	1.465697E+0	8.609637E-1	-2.927805E+0
4.606452E-1	1.480241E+0	1.809828E+0	1.087873E+0	1.725558E+0	8.708547E-1	1.703483E+0	1.063634E+0	1.791323E+0	1.638091E+0	1.582496E+0	7.896598E-1	1.021823E+0	1.351087E+0	1.666304E+0	1.801864E+0	1.521848E+0	7.452333E-1	1.751305E+0	1.111815E+0	-5.899459E+0
9.833093E-1	1.431465E+0	1.406398E+0	9.592320E-1	1.360216E+0	1.218551E+0	1.459726E+0	1.161977E+0	1.445470E+0	1.309126E+0	1.517939E+0	1.107471E+0	1.139108E+0	1.336443E+0	1.465025E+0	1.526729E+0	1.304154E+0	1.144124E+0	1.508201E+0	1.218730E+0	1.668388E-2
Layer:2
-1.428854E+0	-1.730492E+0	-1.187814E+0	-1.442711E+0	-1.251752E+0	-1.212374E+0	-1.209612E+0	-1.203105E+0	-1.098341E+0	-9.659703E-1	-1.322327E+0	-1.185930E+0	-1.236922E+0	-1.737746E+0	-1.184808E+0	-1.050249E+0	-1.384175E+0	-1.123164E+0	-9.945204E-1	-1.369024E+0	2.185189E-1
-1.346012E+0	-1.588744E+0	-1.145891E+0	-1.282740E+0	-1.142179E+0	-1.205794E+0	-1.166724E+0	-1.126356E+0	-1.039314E+0	-9.335346E-1	-1.195862E+0	-9.065585E-1	-1.158560E+0	-1.596472E+0	-1.106116E+0	-1.119126E+0	-1.237292E+0	-1.125990E+0	-1.055953E+0	-1.329495E+0	-1.397154E-1
-1.427709E+0	-1.698529E+0	-1.158719E+0	-1.361267E+0	-1.236023E+0	-1.191837E+0	-1.151403E+0	-1.176612E+0	-1.006641E+0	-9.701312E-1	-1.258455E+0	-9.190351E-1	-1.232159E+0	-1.715901E+0	-1.190730E+0	-1.120985E+0	-1.353401E+0	-1.191591E+0	-9.832805E-1	-1.348946E+0	4.852349E-2
-1.389665E+0	-1.614760E+0	-1.190747E+0	-1.380298E+0	-1.196094E+0	-1.174911E+0	-1.196252E+0	-1.129405E+0	-1.036890E+0	-9.502833E-1	-1.270634E+0	-1.158068E+0	-9.140196E-1	-1.682067E+0	-1.128760E+0	-1.021317E+0	-1.324518E+0	-1.121953E+0	-1.127138E+0	-1.375676E+0	2.449641E-2
-1.391829E+0	-1.561189E+0	-1.180028E+0	-1.360506E+0	-1.175031E+0	-1.184839E+0	-1.194061E+0	-1.157812E+0	-9.937445E-1	-1.174239E+0	-1.245388E+0	-1.143532E+0	-9.220040E-1	-1.639806E+0	-1.167713E+0	-1.147027E+0	-1.260698E+0	-1.088881E+0	-9.736657E-1	-1.351666E+0	-1.041661E-2
-1.336981E+0	-1.531589E+0	-1.129954E+0	-1.293207E+0	-1.133023E+0	-9.207528E-1	-1.152956E+0	-1.154702E+0	-9.937089E-1	-9.922303E-1	-1.303036E+0	-9.352934E-1	-1.225811E+0	-1.607723E+0	-1.166248E+0	-1.150042E+0	-1.306537E+0	-1.191955E+0	-9.934111E-1	-1.339473E+0	-9.652814E-2
-1.417922E+0	-1.710641E+0	-1.204385E+0	-1.362538E+0	-1.217276E+0	-1.233931E+0	-1.168955E+0	-1.178914E+0	-1.095470E+0	-9.963264E-1	-1.383520E+0	-9.332212E-1	-1.237743E+0	-1.766825E+0	-1.206799E+0	-1.054326E+0	-1.355906E+0	-1.141016E+0	-1.062694E+0	-1.367689E+0	1.406739E-1
-7.661246E+0	-1.130139E+1	-3.926518E+0	4.702535E+0	-4.880587E+0	-2.494504E+0	-2.849773E+0	-3.380136E+0	7.762647E+0	-8.136379E-1	-6.102364E+0	-1.395112E+0	-2.325267E+0	-1.149733E+1	-3.075696E+0	4.422635E-1	-6.513624E+0	1.272290E+0	-5.389769E-2	3.359518E+0	1.077718E+1
-1.357560E+0	-1.522031E+0	-1.161714E+0	-1.265294E+0	-1.157471E+0	-1.184615E+0	-1.188948E+0	-1.130323E+0	-1.079449E+0	-1.134804E+0	-1.245588E+0	-9.133810E-1	-9.261726E-1	-1.593218E+0	-1.170392E+0	-9.999980E-1	-1.305571E+0	-1.185214E+0	-1.165135E+0	-1.318937E+0	-5.882820E-2
-7.227237E+0	-6.897923E+0	-4.046547E+0	7.746197E+0	-5.339145E+0	-3.031445E+0	-3.470349E+0	-3.923212E+0	1.317791E+1	-1.258708E+0	-6.355560E+0	-1.962068E+0	-2.972929E+0	-6.913867E+0	-3.644150E+0	1.272320E-2	-6.435822E+0	3.467113E+0	-6.352710E-1	6.574455E+0	1.845744E+1
-1.342485E+0	-1.573464E+0	-1.145572E+0	-1.327932E+0	-1.134197E+0	-9.286322E-1	-1.140182E+0	-1.147647E+0	-9.999959E-1	-9.675343E-1	-1.187769E+0	-9.564050E-1	-9.193211E-1	-1.603584E+0	-1.146529E+0	-1.064500E+0	-1.250537E+0	-1.187493E+0	-1.110882E+0	-1.355636E+0	-9.866428E-2
-1.282752E+0	-1.489884E+0	-1.144934E+0	-1.292653E+0	-1.118290E+0	-1.181869E+0	-1.120723E+0	-1.146484E+0	-9.999961E-1	-9.320171E-1	-1.202984E+0	-8.989795E-1	-9.164239E-1	-1.503374E+0	-1.158355E+0	-1.086572E+0	-1.204518E+0	-1.103816E+0	-1.057000E+0	-1.299677E+0	-2.156167E-1
-1.360200E+0	-1.671975E+0	-1.152249E+0	-1.376458E+0	-1.175313E+0	-1.225069E+0	-1.215996E+0	-1.159250E+0	-1.042205E+0	-9.746476E-1	-1.258623E+0	-9.615480E-1	-1.166441E+0	-1.685831E+0	-1.190247E+0	-1.051082E+0	-1.341908E+0	-1.203447E+0	-1.006931E+0	-1.366441E+0	9.394260E-2
-1.277775E+0	-1.509218E+0	-1.176583E+0	-1.347911E+0	-1.153470E+0	-9.220924E-1	-1.103159E+0	-1.135055E+0	-1.047927E+0	-9.853253E-1	-1.202031E+0	-9.077262E-1	-9.286766E-1	-1.461917E+0	-1.100830E+0	-9.999980E-1	-1.205501E+0	-1.096620E+0	-1.150068E+0	-1.279183E+0	-2.202548E-1
-6.673606E+0	-9.617256E+0	-6.085572E+0	5.993554E+0	-5.765368E+0	-5.826965E+0	-5.940660E+0	-6.115418E+0	6.762816E+0	-5.246414E+0	-6.214261E+0	-5.642203E+0	-5.941887E+0	-9.845264E+0	-6.084610E+0	-5.076808E+0	-6.421951E+0	-1.471677E+0	-5.376220E+0	4.998230E+0	8.345184E+0
-1.457275E+0	-1.739859E+0	-1.201435E+0	-1.348747E+0	-1.248085E+0	-1.231659E+0	-1.201924E+0	-1.173861E+0	-9.956048E-1	-1.176067E+0	-1.358506E+0	-9.416035E-1	-1.184869E+0	-1.726749E+0	-1.177337E+0	-1.160617E+0	-1.316465E+0	-1.107959E+0	-1.185756E+0	-1.357154E+0	1.452542E-1
-1.502985E+0	-1.927713E+0	-1.313210E+0	-1.325222E+0	-1.322304E+0	-1.193349E+0	-1.251031E+0	-1.250372E+0	-9.252819E-1	-1.160405E+0	-1.458207E+0	-9.174418E-1	-1.252667E+0	-1.894933E+0	-1.232493E+0	-1.079361E+0	-1.476556E+0	-1.156389E+0	-1.132648E+0	-1.374098E+0	5.523103E-1
-1.424017E+0	-1.737054E+0	-1.221699E+0	-1.362012E+0	-1.190207E+0	-1.230428E+0	-1.195100E+0	-1.172713E+0	-1.082693E+0	-1.173774E+0	-1.385154E+0	-9.509621E-1	-1.192487E+0	-1.683066E+0	-1.182165E+0	-1.036042E+0	-1.303434E+0	-1.102510E+0	-1.000991E+0	-1.408654E+0	1.253908E-1
-1.282558E+0	-1.563999E+0	-1.150066E+0	-1.314181E+0	-1.138880E+0	-1.224810E+0	-1.165056E+0	-1.139738E+0	-9.902698E-1	-9.869179E-1	-1.282912E+0	-1.150939E+0	-1.151865E+0	-1.509328E+0	-1.103219E+0	-1.106079E+0	-1.300037E+0	-1.143170E+0	-1.037204E+0	-1.270136E+0	-1.063055E-1
-1.438651E+0	-1.641444E+0	-1.161056E+0	-1.365599E+0	-1.195230E+0	-1.183447E+0	-1.147233E+0	-1.163005E+0	-1.099916E+0	-9.678800E-1	-1.263986E+0	-9.647325E-1	-1.224442E+0	-1.699754E+0	-1.177342E+0	-1.119588E+0	-1.319250E+0	-1.172167E+0	-9.999981E-1	-1.355109E+0	1.008239E-1
Layer:3
-1.378086E+0	-1.356831E+0	-1.380865E+0	-1.402029E+0	-1.397692E+0	-1.347023E+0	-1.362436E+0	-1.348011E+0	-1.382012E+0	-1.875462E+0	-1.336706E+0	-1.263284E+0	-1.406177E+0	-1.252441E+0	-1.084855E+0	-1.359968E+0	-8.829030E-1	-1.389013E+0	-1.370223E+0	-1.428764E+0	1.641785E+0
Scaling limits (Down Inputs, Up Inputs, Down Targets, Up Targets):
1.156000E+2	1.696000E+2	1.647000E+2	1.681000E+2	1.780000E+2	1.900000E+2	1.890000E+2	1.882000E+2	1.877000E+2	1.875000E+2
1.101000E+2	3.479999E+1	6.440001E+1	4.209999E+1	2.570000E+1	1.110001E+1	1.960001E+1	3.000000E+1	3.680000E+1	3.720000E+1
5.000000E-2
9.500000E-1
Input file: 
D:\LOOP\ann inputs.txt
Inputs:
time 1	time 2	time 3	time 4	time 5	time 6	time 7	time 8	time 9	time 10
Targets:
R (Ohm)
Test cases:
0