Sigmoid	10	20	20	1	
Layer:0
1.862120E+0	4.816350E+0	3.551533E-1	8.082553E+0	-1.149341E+0	-9.666152E+0	-6.299751E+0	1.129431E+1	1.403524E+1	2.157390E+1	-1.145682E+1
-6.314513E+0	3.824003E+0	7.843310E+0	1.279245E+0	8.462480E+0	1.729654E+1	1.051376E+1	-1.835811E+1	-2.058456E+1	-3.286473E+1	-4.120493E+0
5.250084E+0	-8.610623E-1	2.989707E-1	1.946124E+1	-2.166759E+1	-4.030807E+1	-1.009133E+1	4.178700E+1	3.904460E+1	6.193521E+1	-8.955993E+0
1.981075E+0	4.203459E+0	-1.046152E+0	8.712729E+0	1.764582E-1	-5.979651E+0	-2.763757E+0	9.630636E+0	1.187484E+1	1.715454E+1	-1.173261E+1
-1.616309E+0	-5.524080E+0	2.074121E+0	1.067694E+0	-2.086370E+0	-3.724072E+0	6.133435E+0	5.838083E+0	8.641829E+0	7.016510E+0	-4.869233E+0
-1.555110E+0	4.372479E+0	-9.859542E-1	3.632947E+0	1.825989E+0	-2.434875E+0	6.743734E-1	2.024181E+0	1.987450E+0	1.964065E+0	-7.333860E+0
2.368938E+0	4.111294E+0	7.823892E-1	9.527615E+0	-1.182642E+0	-9.006815E+0	-6.306647E+0	1.277716E+1	1.559632E+1	2.435896E+1	-1.298916E+1
9.296379E+0	3.278637E+0	-9.988948E-1	8.379571E+0	1.378649E-1	-4.313380E+0	-2.363729E+0	2.106212E+0	2.002144E+0	4.432179E+0	-1.406237E+1
3.211237E+0	3.801343E+0	1.215648E+0	1.134158E+1	-2.088359E+0	-1.157776E+1	-9.441424E+0	1.322074E+1	1.717536E+1	2.741697E+1	-1.406349E+1
4.901903E+0	7.646506E+0	4.558887E+0	9.389651E+0	-5.828009E+0	-1.426720E+1	-7.942284E-3	5.173562E+0	-1.042983E+0	6.840191E+0	-1.232652E+1
1.942656E+0	2.119256E+0	-7.014548E-1	8.454216E+0	9.123228E-2	-7.813686E+0	-3.620682E+0	6.994873E+0	8.604892E+0	1.267712E+1	-1.078172E+1
3.008991E+0	3.707714E+0	2.414983E+0	1.111882E+1	-2.816821E+0	-1.394161E+1	-9.118256E+0	8.486627E+0	9.892910E+0	1.834479E+1	-1.329147E+1
-1.966496E+0	-3.826513E+0	1.213469E+1	4.173455E+0	1.453504E+1	1.849307E+1	1.950089E+1	1.460846E+1	9.991817E+0	1.109118E+1	-5.544879E+1
-5.716879E+0	9.189517E+0	5.249140E+0	4.843336E+0	-1.639051E+0	-2.232507E+0	2.253124E-1	3.886284E+0	1.941205E+0	6.179276E+0	-1.054483E+1
2.641771E+0	3.608673E+0	8.156646E-1	9.982744E+0	-1.409161E+0	-1.020321E+1	-7.836231E+0	1.175728E+1	1.487242E+1	2.585707E+1	-1.311582E+1
3.317734E+0	3.627487E+0	9.596666E-1	9.736685E+0	-1.132116E+0	-1.053750E+1	-6.983390E+0	8.027040E+0	9.555200E+0	1.550975E+1	-1.252351E+1
2.468047E+0	6.096928E+0	-6.383770E-1	1.037691E+1	-1.165192E+0	-1.251863E+1	-1.237294E+1	1.226294E+1	1.506270E+1	2.435557E+1	-1.452547E+1
2.426865E+0	2.646359E+0	-9.107246E-2	8.397592E+0	3.774961E-1	-4.762714E+0	-1.159514E+0	7.395267E+0	7.980539E+0	1.162124E+1	-1.065555E+1
6.475517E+0	1.947567E+0	-2.347287E+0	8.348930E+0	1.680057E+0	-4.539327E+0	-3.230178E+0	3.585818E+0	3.110372E+0	5.424217E+0	-1.280970E+1
3.531906E+0	6.859210E+0	-3.018627E-1	9.958801E+0	-1.134404E+0	-1.204872E+1	-1.126241E+1	1.227549E+1	1.421923E+1	2.418964E+1	-1.463991E+1
Layer:1
5.511081E-1	-8.671262E-1	-1.513742E+0	2.026256E+0	5.833170E+0	6.936887E-1	1.274191E+0	2.118647E-1	-1.075226E+0	-6.992400E+0	-3.035490E-1	-3.782233E+0	2.096048E+0	1.862100E+0	-2.858193E-1	-3.835191E-1	-4.460957E+0	1.771190E+0	-2.355359E+0	-4.359013E+0	3.337945E+0
-2.254468E+0	3.254002E+0	-6.504335E+0	-1.852364E+0	1.198853E+0	-2.532309E-1	-2.397432E+0	-6.424618E-1	-2.645501E+0	8.424990E-1	-1.379064E+0	-1.790092E+0	-5.534985E+0	-1.420050E+0	-2.281913E+0	-1.577476E+0	-2.507416E+0	-1.389961E+0	-6.667191E-1	-2.259456E+0	3.414140E+0
-1.588979E+0	3.430869E-1	-3.545050E+0	-1.769589E+0	1.209327E+0	-9.580241E-1	-1.729612E+0	-1.076602E+0	-1.787789E+0	-2.337708E-1	-1.457152E+0	-1.539301E+0	-4.568009E+0	-1.199823E+0	-1.733577E+0	-1.489576E+0	-1.706397E+0	-1.421697E+0	-1.127034E+0	-1.714790E+0	2.426614E+0
-2.731296E+0	5.706912E+0	-8.043478E+0	-2.220993E+0	1.103956E+0	-1.924936E-1	-3.079515E+0	-6.666861E-2	-3.408841E+0	2.816490E+0	-1.565232E+0	-2.015345E+0	-5.648159E+0	-1.412478E+0	-2.835979E+0	-1.813540E+0	-3.155888E+0	-1.475586E+0	-3.734200E-1	-2.869966E+0	5.380177E+0
-1.566655E+0	2.553491E-1	-3.393029E+0	-1.722887E+0	8.507998E-1	-9.400061E-1	-1.723171E+0	-1.104984E+0	-1.784771E+0	-5.900622E-2	-1.426065E+0	-1.533512E+0	-4.154584E+0	-1.113216E+0	-1.672660E+0	-1.467927E+0	-1.723362E+0	-1.337757E+0	-1.124600E+0	-1.656096E+0	2.220298E+0
-4.819698E-1	-1.010902E+0	-1.187433E+0	-8.288627E-1	5.932265E+0	-1.676010E+0	-2.258454E-1	1.211854E+0	2.342241E-1	-6.309749E+0	2.919173E-1	-5.004432E-1	-6.423883E+0	-6.078535E-1	-8.803263E-2	1.268795E+0	4.654750E-1	-2.051968E-1	-3.221127E-1	3.674040E-1	-6.347759E-2
-2.552915E+0	5.731090E+0	-8.045235E+0	-2.086584E+0	1.012512E+0	-1.140637E-1	-2.943120E+0	-1.861581E-1	-3.256652E+0	2.310487E+0	-1.545409E+0	-2.065314E+0	-5.704786E+0	-1.511031E+0	-2.689771E+0	-1.763578E+0	-3.040175E+0	-1.434133E+0	-4.481896E-1	-2.770066E+0	5.495039E+0
-1.565983E+0	1.994830E-1	-3.173603E+0	-1.796020E+0	1.427584E+0	-1.022252E+0	-1.741706E+0	-1.196663E+0	-1.738481E+0	-3.557562E-1	-1.479125E+0	-1.695323E+0	-4.277842E+0	-1.113103E+0	-1.629542E+0	-1.487731E+0	-1.674516E+0	-1.466100E+0	-1.199709E+0	-1.672438E+0	2.423490E+0
-1.590157E+0	6.892312E-2	-3.128982E+0	-1.754226E+0	1.370683E+0	-1.043584E+0	-1.772460E+0	-1.141608E+0	-1.753577E+0	-3.457093E-1	-1.515764E+0	-1.685041E+0	-4.260545E+0	-1.106074E+0	-1.709511E+0	-1.539654E+0	-1.682478E+0	-1.445365E+0	-1.226008E+0	-1.693012E+0	2.510542E+0
-1.599360E+0	4.582290E-1	-3.644059E+0	-1.634237E+0	7.435868E-1	-8.780276E-1	-1.703336E+0	-9.598956E-1	-1.809996E+0	1.653682E-2	-1.331942E+0	-1.531862E+0	-4.418192E+0	-1.085039E+0	-1.666012E+0	-1.417764E+0	-1.749420E+0	-1.291392E+0	-1.036502E+0	-1.640651E+0	2.097029E+0
-1.644433E+0	4.493583E-1	-3.593930E+0	-1.644656E+0	1.119083E+0	-8.604088E-1	-1.705343E+0	-1.054750E+0	-1.804740E+0	-1.752863E-1	-1.370852E+0	-1.541491E+0	-4.554892E+0	-1.160535E+0	-1.722035E+0	-1.432262E+0	-1.736103E+0	-1.319937E+0	-9.989796E-1	-1.653528E+0	2.256317E+0
-1.705065E+0	1.332737E+0	-4.470742E+0	-1.507530E+0	1.700190E+0	-6.158845E-1	-1.735393E+0	-6.640273E-1	-1.775328E+0	-7.072073E-1	-1.070649E+0	-1.257845E+0	-5.416550E+0	-1.346927E+0	-1.663776E+0	-1.214085E+0	-1.745924E+0	-1.146401E+0	-7.684253E-1	-1.592743E+0	2.295013E+0
1.556719E-1	5.956907E+0	-4.731449E+0	2.909606E+0	1.010469E+0	-1.816439E+0	1.275265E+0	3.599772E+0	4.638415E-1	-9.487082E+0	3.322874E-1	-1.372827E+0	-1.168851E+1	-4.149187E+0	5.808616E-1	-2.028856E-1	-5.349791E-1	1.743066E+0	1.053531E-1	-7.247605E-1	8.384057E-1
-1.518274E+0	-3.591327E-2	-2.632283E+0	-1.722341E+0	2.318679E+0	-9.710767E-1	-1.692453E+0	-1.214778E+0	-1.701654E+0	-9.401817E-1	-1.564101E+0	-1.832756E+0	-4.365286E+0	-9.999970E-1	-1.689214E+0	-1.636055E+0	-1.672798E+0	-1.478523E+0	-1.231563E+0	-1.677215E+0	2.699102E+0
2.260333E-1	-5.239462E+0	-3.984461E+0	1.336023E+0	-1.055554E+0	-4.231399E-1	5.499799E-1	-3.857722E+0	-1.849770E+0	2.540873E+0	-8.931179E-1	-3.986777E+0	-1.461270E+1	-3.973304E+0	-8.735785E-1	-2.798169E+0	2.589704E-1	9.610137E-1	-3.756440E+0	8.188716E-1	2.467980E+1
-1.493036E-1	1.505840E-1	-1.802020E+0	-1.989883E-2	4.596332E+0	-7.006375E-1	1.424841E-1	3.046534E+0	5.163595E-1	-5.887903E+0	-5.623067E-1	-1.248666E+0	-1.384064E+1	4.314094E-1	1.677185E-1	-2.236858E+0	3.927032E-1	9.925640E-2	9.180936E-1	-4.156820E-2	5.146294E-1
-1.744862E+0	1.216321E+0	-4.407421E+0	-1.491760E+0	1.322174E+0	-7.093985E-1	-1.743291E+0	-7.682695E-1	-1.761312E+0	-4.640397E-1	-1.180840E+0	-1.310660E+0	-5.279171E+0	-1.340168E+0	-1.640484E+0	-1.240113E+0	-1.660637E+0	-1.172975E+0	-8.094162E-1	-1.650347E+0	2.220577E+0
-1.612748E+0	7.382549E-2	-2.996121E+0	-1.727944E+0	1.832316E+0	-9.877168E-1	-1.719150E+0	-1.209599E+0	-1.735279E+0	-5.106848E-1	-1.534300E+0	-1.709902E+0	-4.234299E+0	-1.073058E+0	-1.669358E+0	-1.606551E+0	-1.686779E+0	-1.499407E+0	-1.215545E+0	-1.727488E+0	2.567033E+0
-1.629394E+0	3.183307E+0	-5.207923E+0	-8.158649E-1	1.481086E+0	1.686924E-1	-1.677679E+0	-3.918369E-3	-1.984437E+0	-1.515162E+0	-6.559922E-1	-1.114644E+0	-5.566754E+0	-1.367720E+0	-1.581982E+0	-1.023485E+0	-1.828665E+0	-6.077083E-1	-1.678637E-1	-1.739477E+0	2.039172E+0
-1.671893E+0	3.589924E-1	-3.421951E+0	-1.744188E+0	1.557909E+0	-9.081199E-1	-1.766629E+0	-1.101852E+0	-1.808670E+0	-3.791224E-1	-1.402045E+0	-1.683460E+0	-4.688237E+0	-1.118993E+0	-1.654536E+0	-1.507832E+0	-1.726912E+0	-1.375082E+0	-1.117823E+0	-1.706110E+0	2.478021E+0
Layer:2
6.286342E+0	2.749073E+0	3.123090E+0	3.695162E+0	3.057313E+0	6.075201E+0	3.954080E+0	3.173270E+0	3.200301E+0	2.960906E+0	3.055882E+0	2.681861E+0	2.496757E+0	3.401848E+0	6.503260E+0	8.037345E+0	2.685519E+0	3.272312E+0	1.725709E+0	3.167583E+0	-1.356299E+1
Scaling limits (Down Inputs, Up Inputs, Down Targets, Up Targets):
1.156000E+2	1.696000E+2	1.647000E+2	1.681000E+2	1.780000E+2	1.900000E+2	1.890000E+2	1.882000E+2	1.877000E+2	1.875000E+2
1.101000E+2	3.479999E+1	6.440001E+1	4.209999E+1	2.570000E+1	1.110001E+1	1.960001E+1	3.000000E+1	3.680000E+1	3.720000E+1
5.000000E-2
9.500000E-1
Input file: 
H:\My Documents\LabVIEW example programs by SZ\aNETka ver. 2.0 (LV8.1)\aNETka ver. 2.0 (LV8.1)\ann inputs.txt
Inputs:
time 1	time 2	time 3	time 4	time 5	time 6	time 7	time 8	time 9	time 10
Targets:
R (Ohm)
Test cases:
0